0.48011172
10 0.06015
15 0.42331
16 -0.14148
31 -0.17123
46 1.01502
48 0.58695
49 -0.07979
57 0.02276
64 -0.84247
73 -0.16386
85 -0.54431
93 -0.09867
96 0.08916
97 -0.12447
109 0.03882
113 -0.47950
143 -0.38136
157 -0.49990
169 -0.45675
173 0.33471
199 0.81510
200 0.52829
201 -0.42239
202 1.23103
206 0.89594
218 -0.47950
229 0.11465
231 0.10334
234 -0.48473
238 0.47912
245 -0.08916
246 1.23791
249 -0.17642
250 -0.18226
256 0.37921
257 0.81510
259 -0.60963
266 -0.36715
271 -0.20648
288 0.52829
304 0.89168
308 1.01502
313 0.03855
314 0.23833
339 1.74832
346 0.52829
349 0.37148
353 1.09478
355 0.01413
358 0.46011
359 0.23663
367 0.40377
373 0.48927
375 0.06015
377 -0.23311
385 0.42331
386 0.82386
388 0.82770
393 0.45532
395 0.64226
397 -0.13121
401 -0.88704
404 0.33471
418 -0.61181
426 0.89499
429 -0.21472
446 0.15098
448 -0.38136
449 0.00040
452 -0.15502
458 -0.08099
468 -0.10024
482 0.23663
489 0.15182
505 0.89594
506 0.04236
509 0.44152
517 0.33471
523 -0.48473
525 0.17217
532 0.89594
538 0.29572
542 0.82770
546 -0.12129
559 0.34531
570 0.63521
574 0.33735
592 -1.08834
598 0.13606
603 -0.48473
606 -0.45676
614 -0.35462
618 0.89168
625 0.03069
627 -0.42239
631 0.37921
634 0.50375
649 0.92027
654 -0.55751
661 0.25471
676 0.92027
678 0.05848
689 -0.10876
708 0.92027
709 0.60897
713 0.56670
717 0.40048
764 0.32922
768 -0.47950
773 -0.55619
787 0.45226
836 -0.29013
846 -0.36974
860 0.34561
867 -0.34410
890 -0.20648
911 -1.29276
939 -0.36530
949 -0.03923
959 0.64226
966 0.17745
972 0.06015
993 -0.17123
1005 0.05035
1015 -0.83512
1030 0.34561
1061 0.50659
1079 0.56670
1089 0.00618
1091 -0.34461
1093 0.06015
1097 -0.21472
1101 -0.31925
1102 -0.07675
1104 0.42170
1111 -0.35462
1113 0.03069
1116 -0.13572
1119 -0.31021
1134 -0.11856
1147 0.02776
1160 0.14762
1167 0.56670
1182 -0.22581
1205 0.48927
1207 0.23482
1211 0.49762
1213 -0.13606
1217 0.33471
1218 -0.03943
1223 -0.15340
1235 0.64226
1240 0.02590
1253 0.80848
1261 -0.50202
1279 -0.34183
1292 0.62241
1303 -0.85026
1309 0.02319
1313 -0.20908
1320 0.62241
1326 -0.36530
1351 -0.29013
1354 0.47995
1369 -0.17123
1375 -0.64027
1383 -0.12502
1385 -0.43897
1388 -0.65546
1389 0.47912
1390 0.23482
1391 0.25471
1402 -1.08834
1422 0.17745
1435 -0.18226
1439 -0.06802
1449 0.66936
1456 -0.62177
1458 1.01502
1461 0.01305
1471 0.37921
1472 -0.32155
1481 -0.04921
1484 -0.76358
1491 -0.19865
1500 -0.24963
1505 0.47912
1507 -0.29069
1513 0.56670
1522 0.48927
1527 -0.60963
1528 0.06469
1534 -0.23392
1540 0.33471
1544 0.46338
1562 0.07476
1565 -0.50202
1571 0.04567
1585 -0.48473
1588 0.13699
1600 0.37921
1638 0.09552
1641 0.46338
1643 -0.33594
1647 0.22854
1653 0.47995
1661 -0.85026
1683 0.45532
1689 -0.36530
1699 -0.35684
1701 0.47995
1705 0.01206
1717 -0.03830
1723 0.14807
1727 0.48927
1747 0.28618
1754 0.90847
1755 0.40048
1766 -0.35462
1779 0.85751
1790 0.14411
1805 0.01359
1806 -0.31021
1817 0.02018
1826 0.64774
1830 0.25471
1831 0.05035
1840 0.79201
1843 0.58695
1846 -0.11856
1866 0.13542
1871 0.04198
1877 -0.17752
1885 0.82926
1891 -0.90207
1894 0.90847
1897 0.34531
1903 -0.81681
1908 -0.09886
1909 -1.08834
1931 0.33471
1935 -0.45676
1936 0.13606
1941 -0.48473
1952 -0.37294
1959 0.03042
1965 -0.39653
1972 0.34531
1999 0.46244
2001 0.01493
2002 -0.76358
2063 1.44791
2065 -0.60963
2074 0.64226
2081 -1.17905
2082 -0.06454
2107 -0.52725
2111 0.48927
2123 -0.49990
2131 -0.50687
2159 -0.64027
2174 -0.24053
2201 -0.04170
2214 0.02684
2225 -0.35462
2244 0.09277
2257 0.47995
2264 -0.17123
2299 -0.48473
2306 0.32922
2317 0.42331
2327 0.40377
2330 0.37148
2345 -0.06877
2348 1.01502
2353 -0.83512
2367 0.64226
2382 0.04545
2403 -0.07895
2405 0.37921
2417 0.56670
2420 0.46011
2433 -0.00111
2437 -0.20648
2468 0.23482
2479 0.56040
2481 0.01666
2485 0.02776
2493 -0.22260
2498 -0.29120
2504 0.81554
2505 0.15158
2519 -0.48473
2537 0.33471
2540 0.17217
2543 -0.15607
2547 -0.17270
2549 0.49762
2558 0.50375
2559 0.81510
2561 -0.44345
2566 0.32922
2568 -0.12664
2599 0.28618
2601 -0.06131
2603 -0.00829
2606 0.89168
2608 0.02855
2613 0.29572
2617 0.48927
2623 -0.53234
2626 0.62241
2633 0.40048
2658 -0.31764
2688 0.52829
2691 -1.28755
2713 -0.64027
2725 -0.05919
2729 0.25471
2746 -0.10603
2754 -0.00111
2760 0.17745
2763 0.41534
2768 0.08676
2777 0.31151
2783 0.14862
2785 0.46338
2807 0.89594
2818 0.46011
2829 0.10334
2844 0.82770
2845 -0.29069
2853 0.33471
2860 0.01815
2865 -0.77593
2867 -0.22581
2873 0.17217
2897 -0.07979
2909 0.00438
2911 1.40340
2963 0.96314
2965 -0.60963
2968 -0.03538
2974 0.46011
2978 0.92027
2993 0.38668
2994 -0.11856
2995 0.51741
3010 0.02607
3011 -0.10129
3044 -0.61181
3053 -0.43897
3061 0.07075
3067 -0.41276
3069 -0.09156
3075 -0.81681
3081 0.58035
3082 -0.07827
3097 -0.13076
3101 -1.69537
3102 -0.75242
3106 -0.76239
3109 -0.59014
3110 -0.59014
3111 0.46244
3113 -0.13121
3114 2.27405
3115 -0.05092
3116 -0.71367
3117 -1.62077
3119 0.46068
3121 -0.11856
3132 0.95552
3133 -0.33594
3137 -0.00111
3160 -1.99413
3162 -1.99413
3167 -0.06460
3168 0.47667
3169 1.01502
3170 1.92813
3172 -0.38136
3174 3.34093
3175 0.06348
3176 0.53503
3177 1.41959
3178 1.23791
3179 0.52829
3180 2.79152
3181 1.95306
3183 -0.12664
3184 0.49390
3185 0.43590
3187 0.13606
3188 0.03069
3189 0.92027
3190 1.88248
3191 0.92027
3195 -0.55619
3224 0.26896
3252 -0.17123
3253 0.37148
3265 -0.20648
3269 -0.41276
3273 -0.45676
3275 0.37148
3295 -0.52725
3297 0.03042
3299 -1.64874
3310 -0.00041
3313 0.20472
3335 -0.58645
3360 0.19100
3361 -0.49349
3381 0.40377
3389 -0.22632
3391 0.06432
3401 1.55757
3405 -0.10129
3414 -0.12502
3435 0.06541
3443 0.98268
3454 0.33471
3465 0.34561
3481 -0.01967
3505 0.09663
3513 -0.34051
3514 -0.76239
3531 0.29572
3534 0.08089
3537 0.87591
3549 0.06911
3561 -0.43897
3565 0.00721
3589 0.46244
3593 -0.50202
3610 -1.09741
3611 -0.33765
3629 0.08197
3630 0.46564
3635 0.24084
3641 0.48927
3642 -0.49230
3671 -0.30795
3676 0.56040
3684 0.08547
3719 0.17745
3730 -0.10995
3732 0.47912
3738 0.12898
3742 -0.76358
3745 -0.61181
3749 -1.00092
3751 0.13542
3763 -0.08599
3765 -0.11037
3770 -0.36530
3772 0.23833
3776 0.46407
3781 0.02712
3797 -0.48473
3808 1.32815
3815 -0.67316
3817 0.56040
3825 -0.31203
3826 -0.17123
3828 -0.03142
3837 -0.13048
3850 0.23663
3865 0.02107
3872 0.40048
3879 0.32922
3881 -0.15607
3895 -0.62177
3896 -0.22581
3905 -0.01961
3910 -0.61181
3921 -0.50202
3928 -0.30730
3950 0.17745
3953 -0.36530
3961 -0.53234
3962 0.73847
3963 0.17411
3975 -0.15732
3985 -0.20224
4002 -0.79376
4004 -0.24053
4006 0.01161
4013 -0.24616
4015 -0.07139
4016 -0.08599
4017 0.41534
4041 -1.17905
4053 -0.49990
4055 0.25471
4057 0.49762
4066 -0.84714
4075 0.44429
4076 1.51177
4078 0.38931
4081 0.23482
4091 -0.08099
4092 -0.11856
4117 -0.25907
4119 2.74101
4129 -0.36530
4149 0.04011
4151 0.34561
4156 0.46011
4173 -0.24053
4179 -1.96737
4193 0.01761
4195 -0.17123
4196 0.70267
4200 0.14862
4203 0.41534
4205 -0.22581
4214 0.03306
4219 -0.19347
4222 0.50375
4235 -0.09677
4239 -0.32155
4244 0.24386
4247 0.37921
4249 1.40340
4269 -0.31021
4281 -0.14231
4293 0.46244
4306 0.24386
4312 -0.67537
4333 0.51741
4337 0.33471
4355 0.06015
4359 0.00910
4360 0.17745
4365 0.40377
4369 0.47912
4375 -0.80629
4379 -0.23311
4383 -0.15688
4393 -0.02603
4422 -0.42239
4434 -0.61181
4447 -0.40379
4457 0.56670
4459 0.60897
4461 0.03962
4475 0.23833
4479 -0.17123
4481 -0.38136
4482 -0.19347
4513 0.15040
4526 -0.00059
4539 -0.76239
4553 -0.00364
4560 0.64226
4573 -0.36530
4574 -0.47950
4577 -0.36974
4609 -0.06021
4613 0.37148
4632 0.04545
4638 -0.30795
4647 -0.62177
4663 0.46338
4664 -0.09420
4667 -0.00438
4673 -0.58645
4678 0.50375
4680 -0.17123
4685 0.46011
4691 0.47912
4705 0.34561
4715 0.45532
4718 -0.58681
4727 -0.36530
4743 0.37665
4750 -0.19753
4754 0.58695
4761 0.03962
4769 0.32922
4780 0.58695
4781 0.98268
4784 0.37148
4786 0.42809
4787 -0.76239
4801 0.01413
4841 0.13606
4867 0.37921
4874 -0.13572
4875 -0.17123
4885 -0.58645
4890 -0.47950
4895 0.49792
4903 1.07227
4925 0.40377
4931 -0.58645
4935 0.13606
4941 0.60897
4947 0.70610
4953 0.56040
4957 0.60897
4958 0.47912
4961 -0.34173
4963 -0.49531
4965 0.47995
4969 -0.09043
4991 -0.32155
4993 0.42170
4998 0.26896
5003 0.12941
5025 -0.24053
5039 -0.61181
5041 0.42170
5045 0.25471
5050 0.94241
5057 0.17745
5061 0.14444
5065 0.49762
5069 0.17745
5074 0.62241
5079 -1.00280
5093 -0.65593
5095 -0.48473
5100 0.01569
5113 -0.58645
5115 -0.23372
5124 -0.60963
5146 1.32815
5153 -0.76239
5159 0.06050
5163 -0.16264
5167 -0.52725
5177 -0.15340
5185 -0.08370
5187 -0.12465
5189 0.73847
5195 0.23663
5201 -0.36974
5209 0.56040
5210 0.40048
5215 -0.48473
5223 0.06541
5224 0.14993
5233 -0.09808
5251 -0.36631
5262 0.15366
5281 0.34561
5288 0.17745
5301 0.17411
5313 -0.15732
5323 0.48927
5327 -0.76358
5335 -0.19347
5339 0.05201
5345 -0.48473
5357 -0.18417
5375 -1.13101
5381 -0.19664
5389 0.08896
5391 0.18744
5406 -0.17219
5410 0.09599
5411 0.23663
5413 0.44429
5414 1.51177
5415 0.49762
5416 -0.23311
5421 0.00604
5429 -0.75131
5431 -0.00364
5439 0.01453
5459 0.02079
5473 0.93806
5502 -0.22638
5506 0.46564
5513 -0.22340
5522 -0.76239
5525 0.00796
5530 0.44061
5533 -0.12891
5538 0.14862
5552 0.29572
5569 -0.23647
5573 -0.09677
5585 0.27193
5587 -0.22581
5594 -1.18108
5599 0.34531
5602 -0.61181
5607 -0.29013
5623 0.03119
5627 0.33471
5638 0.08497
5645 0.98192
5654 -0.45676
5661 0.34561
5673 0.25471
5707 0.46564
5716 0.28618
5721 0.22927
5725 -0.12735
5743 -0.76239
5760 -0.42239
5798 0.23833
5803 0.46011
5805 -0.45676
5806 -0.00218
5809 0.10374
5813 0.38691
5817 -0.17123
5851 0.48927
5857 -0.24053
5861 -0.20987
5877 -0.76239
5888 0.19100
5889 0.29572
5899 0.46011
5904 -0.78048
5927 0.23833
5954 0.13612
5955 -0.13506
5967 -0.29013
5976 -0.30795
5988 0.06817
5994 0.14862
5995 1.12513
5996 -0.17123
6000 -0.31021
6003 -0.01825
6005 -0.00438
6016 0.50375
6042 -0.42239
6043 0.05653
6052 -0.24053
6073 0.37921
6082 -0.64852
6095 -0.62177
6105 -0.29013
6109 -0.11856
6114 -0.22581
6129 -0.42239
6132 0.34531
6181 -0.48473
6182 -0.33582
6198 -0.32155
6201 0.81510
6203 -0.81585
6208 0.58035
6212 0.08050
6218 -0.17123
6224 -0.22581
6230 -0.60963
6233 0.49762
6241 0.51208
6249 0.25471
6257 0.48269
6260 -0.49990
6278 0.23663
6281 -0.13672
6285 0.70610
6294 0.92706
6301 0.46583
6321 -1.02368
6349 0.02988
6357 0.07775
6362 0.17217
6369 0.48927
6370 -0.18226
6397 -0.81681
6401 0.40377
6442 -0.64027
6466 0.05201
6487 0.89594
6513 -0.08133
6525 -0.12465
6533 -0.15551
6545 0.17745
6561 0.01440
6575 0.07241
6603 -0.55672
6605 0.04550
6624 -0.10251
6627 0.37921
6628 0.14862
6633 0.40377
6637 -0.31021
6651 0.06657
6661 0.48927
6673 0.46564
6694 -0.36788
6697 0.06552
6702 -0.08099
6704 -1.09741
6706 -0.29013
6722 0.23482
6734 0.47105
6769 0.11112
6777 0.01453
6793 0.47912
6797 0.02079
6802 -0.10603
6806 0.24098
6813 0.46244
6814 0.05201
6817 -0.40379
6820 0.38512
6828 -0.36163
6840 0.06015
6841 -0.08599
6844 0.46564
6863 0.64336
6865 -0.32155
6868 0.44061
6894 0.13606
6896 0.06321
6899 0.56040
6901 -0.91296
6913 -0.34183
6920 -0.24053
6931 0.46011
6933 0.26896
6940 -0.61181
6945 -0.29013
6950 0.05719
6955 -0.47950
6965 0.47912
6987 1.66540
6988 -0.76239
6993 -0.21060
7003 0.23482
7013 0.60897
7030 0.07757
7034 -0.60032
7036 0.06015
7039 -0.91296
7054 0.28618
7062 0.06015
7089 0.60897
7093 0.62241
7101 -0.32155
7105 0.01761
7109 -0.58645
7111 -3.14573
7124 0.46244
7141 0.19788
7143 -0.36837
7147 -0.80183
7150 0.46011
7159 -0.37421
7162 0.32922
7173 -0.03574
7184 -0.08985
7186 0.62241
7188 0.01932
7190 0.70772
7193 0.10334
7201 0.04560
7202 0.07656
7211 -0.36974
7229 0.29572
7234 0.05100
7251 0.81510
7260 0.32922
7263 -0.62177
7266 -0.22306
7271 6.98788
7284 0.37148
7317 0.34531
7327 -0.30795
7328 -0.31021
7331 -0.26454
7339 -0.42239
7341 -0.05669
7345 0.29572
7357 0.40048
7359 -0.74424
7367 1.29916
7370 -0.31203
7380 0.13606
7381 -0.43897
7383 -0.76239
7384 -0.65546
7397 0.17217
7400 -0.05785
7406 0.12553
7417 -0.05364
7419 -0.42239
7420 -0.47950
7421 0.19424
7429 -0.01615
7433 -0.62177
7437 -0.03574
7447 0.56670
7459 0.82926
7468 0.08803
7479 -0.73340
7485 -0.20648
7492 0.26896
7499 -0.22260
7519 1.92921
7520 0.46407
7521 0.11389
7529 -0.36974
7531 -0.25907
7533 -2.09818
7539 -0.23311
7557 -0.60963
7562 -0.04076
7602 0.34531
7606 -0.14338
7609 -0.24053
7622 0.44061
7634 -0.55672
7635 1.04239
7645 -0.15732
7648 -0.13572
7655 0.34561
7656 -0.14148
7658 0.47995
7659 -0.58645
7661 0.40377
7666 0.60897
7669 -0.13874
7685 0.23833
7695 -0.49990
7702 0.87512
7704 -0.32155
7729 0.50375
7731 1.18581
7735 0.46407
7737 0.37921
7741 -0.89245
7750 0.28618
7751 -0.14968
7759 0.73847
7763 1.65645
7802 0.23482
7809 -0.13790
7810 -0.17123
7819 -0.23647
7824 -0.60963
7831 -0.36530
7833 0.26714
7847 0.09770
7849 0.47912
7854 -0.09572
7860 0.46407
7862 0.03991
7871 -0.61181
7883 0.47912
7894 0.08916
7904 -0.09886
7905 0.37148
7915 0.62241
7929 0.41534
7931 0.32922
7935 -1.08834
7937 -1.09741
7945 0.01873
7949 0.14862
7961 0.34561
7968 0.18969
7977 0.37148
7979 -3.63162
7994 -0.12807
8002 0.06015
8004 -0.60963
8011 0.48927
8020 -0.21882
8022 0.17745
8027 -0.36974
8031 0.29027
8034 -0.24053
8037 -0.12502
8040 -0.20356
8045 0.60897
8046 0.14862
8048 -0.32032
8062 0.26896
8065 -0.30795
8072 -0.17123
8074 -0.40190
8075 -0.55751
8076 0.81510
8078 -0.49990
8085 0.05979
8133 0.40048
8139 0.47995
8149 -0.36837
8157 0.34561
8158 0.46338
8173 0.02085
8183 0.75016
8191 -1.28066
8201 1.99728
8204 0.05100
8231 -0.17039
8243 0.48927
8255 -0.62177
8261 -0.10723
8263 0.62241
8271 -0.36530
8278 -0.12664
8289 -0.32155
8293 -0.47950
8299 -0.07861
8301 -0.11993
8317 -0.05687
8325 -0.30795
8341 0.23482
8344 1.01502
8346 -0.09886
8372 -0.31021
8377 -0.91296
8382 1.14942
8385 0.23482
8387 -0.80913
8393 -0.31400
8411 -0.21962
8414 0.24098
8423 -0.61816
8426 0.08676
8427 -0.95699
8438 0.50375
8445 -0.22581
8455 0.56670
8459 0.13606
8461 0.26896
8464 0.23482
8475 0.23482
8491 0.01804
8493 0.86409
8497 -0.37421
8500 0.81554
8511 0.34561
8513 0.50375
8519 -0.03574
8525 -0.58645
8538 0.32922
8539 0.13606
8541 0.05454
8549 -0.32898
8564 -0.12664
8567 0.34561
8583 -0.43897
8595 -0.20648
8599 -0.11856
8601 -0.62177
8602 0.89168
8608 0.17217
8609 0.29572
8624 0.47995
8628 0.29572
8665 0.02130
8669 0.17439
8681 0.32922
8689 -0.29917
8691 -0.60963
8693 0.03329
8697 -0.40835
8700 0.46407
8705 0.49762
8708 -0.31203
8713 0.34327
8718 0.13606
8738 -0.49990
8757 -0.08900
8769 -1.01190
8777 -0.17123
8779 -1.17905
8780 -0.11856
8794 0.14862
8797 0.82926
8806 0.46338
8822 0.13128
8823 -0.36530
8839 0.53046
8842 -0.19347
8849 -0.17123
8865 -0.05437
8869 -0.25907
8892 0.04053
8893 -0.40379
8911 0.40048
8918 -0.31254
8941 0.09663
8942 -0.19347
8945 -0.21462
8947 -0.10876
8953 0.07148
8957 -0.11856
8959 0.23663
8965 0.18969
8970 0.04900
8973 0.23833
9008 1.21317
9021 -0.94273
9033 -0.49990
9037 0.02877
9038 0.52829
9040 0.26341
9042 -0.43897
9043 0.77120
9047 -0.05223
9065 -0.59550
9069 0.80494
9091 -1.76303
9097 -0.02560
9099 -0.34410
9101 2.18563
9107 -0.04395
9112 -0.14148
9116 -0.54103
9119 -0.11396
9127 -0.17123
9134 0.13542
9141 -0.14443
9151 -0.05674
9162 0.03306
9166 0.00876
9170 -0.10890
9185 0.03882
9199 -0.30795
9201 -0.49990
9203 -0.24027
9207 0.14411
9217 -0.17568
9218 -0.00059
9219 -0.63535
9221 0.47912
9222 -0.23311
9224 -0.20356
9231 0.42170
9236 0.89594
9242 -0.11856
9244 0.14411
9247 -0.31021
9249 0.46011
9253 0.62241
9256 -0.24053
9262 0.09663
9267 -0.58831
9269 -0.34655
9280 0.08074
9287 1.11940
9294 -0.60963
9315 1.67895
9317 -1.73172
9318 0.47995
9322 0.26896
9332 -0.21882
9343 0.73415
9345 -0.10995
9347 0.29121
9348 1.08047
9357 -0.18339
9365 -0.19753
9367 0.18264
9369 0.58035
9370 0.09312
9376 0.13606
9384 0.14862
9385 -0.26913
9401 -0.06556
9412 -0.40190
9418 0.87512
9423 -0.17276
9427 0.23663
9432 -0.48473
9433 0.17217
9435 0.13606
9438 0.17217
9452 0.00739
9453 0.56670
9456 0.98761
9465 0.23663
9480 -0.32155
9481 -0.45676
9487 -0.36023
9495 0.34561
9497 -0.34461
9526 0.57319
9533 0.29572
9539 0.73847
9559 0.92390
9569 -0.06051
9590 0.01932
9593 -0.62177
9595 0.29572
9609 -0.36530
9611 0.11393
9612 -0.22829
9622 -0.22581
9627 -0.07309
9651 -0.02984
9655 0.62241
9667 -0.58645
9670 -1.24174
9673 -0.37235
9687 -0.14148
9709 -0.00655
9745 -1.00092
9746 -0.11746
9749 -0.21962
9761 -1.08385
9765 -0.95699
9774 0.00721
9780 0.23833
9783 -0.50202
9809 -0.61181
9821 -0.16421
9825 0.04560
9851 0.50375
9854 -0.61181
9860 0.37148
9873 0.56670
9876 0.32922
9894 -0.34461
9921 -0.43897
9922 -0.29013
9935 -0.46848
9946 0.17217
9955 0.56040
9981 0.28618
9982 -0.02047
9990 -0.03538
10005 1.40340
10009 -0.29013
10019 -0.07015
10042 0.07996
10045 -0.10603
10069 0.08469
10073 0.34531
10076 -0.49990
10077 0.11635
10083 -0.10581
10094 0.07941
10100 0.33471
10109 0.34561
10110 0.09318
10145 0.01318
10147 -0.10723
10161 -0.36530
10170 -0.47950
10178 -0.61019
10180 -0.19347
10195 0.47995
10203 0.17745
10206 -0.29013
10212 -0.38907
10217 -0.03923
10219 1.36487
10221 -0.05137
10229 0.03191
10246 -0.09659
10249 -0.24616
10261 -0.23311
10267 0.46454
10275 -0.36974
10284 0.44061
10285 -0.07391
10290 0.08569
10295 -1.32371
10299 0.56670
10317 0.56670
10333 0.34561
10343 -0.17538
10346 1.21317
10361 0.13314
10373 -0.30795
10375 -0.18417
10379 -0.77662
10381 0.30789
10385 0.52360
10389 0.47912
10403 0.50375
10405 -0.07147
10419 1.23122
10436 0.47912
10441 0.46407
10454 0.14411
10459 0.56040
10472 0.13542
10479 -1.34724
10481 -0.08728
10497 0.00910
10512 0.05201
10521 0.32922
10535 -0.34461
10537 -0.30795
10542 0.00675
10546 -0.48473
10551 -0.08728
10559 -1.09741
10571 -0.02908
10579 0.50375
10580 -0.11856
10584 0.07757
10585 -0.33903
10614 -0.49990
10620 -0.10024
10634 -0.43897
10637 0.87591
10640 -0.50687
10689 0.58035
10690 -0.76358
10700 0.34531
10703 0.60897
10705 0.18264
10707 -0.15035
10711 0.29133
10714 0.13606
10724 0.09112
10731 -0.36530
10746 0.17217
10752 0.23833
10758 0.52829
10761 -0.17276
10773 0.13606
10790 -0.36974
10793 -0.55463
10813 -0.36530
10825 -1.04898
10845 -0.04865
10849 0.03500
10851 -0.64027
10855 -0.05919
10856 0.23833
10857 0.48927
10862 0.07114
10864 0.56040
10867 -0.02163
10869 -0.76239
10871 0.34561
10872 0.61100
10876 0.46407
10883 2.01334
10889 -0.08558
10891 0.00040
10897 0.92390
10901 0.04053
10925 -0.76239
10926 -0.61181
10927 -0.65593
10934 -0.81521
10938 -0.15043
10941 -0.12502
10950 -0.76239
10957 -0.26177
10965 0.23663
10976 0.47995
11011 -1.27128
11015 0.83384
11021 -0.03141
11031 0.56040
11035 -0.29013
11036 -0.36530
11038 0.09112
11046 0.47912
11048 0.96117
11057 0.05426
11075 0.03500
11077 -0.05919
11079 -0.05414
11083 -0.17123
11109 0.06541
11111 0.68022
11123 -0.00111
11130 -0.18986
11138 -0.36163
11156 -0.08599
11171 0.08959
11173 -0.50202
11181 -0.40835
11189 0.29572
11203 -0.53049
11218 0.39037
11219 0.56670
11221 -0.33594
11227 -0.12465
11231 -0.15504
11235 0.05035
11237 0.56670
11238 0.55991
11241 -0.13121
11248 0.02590
11257 0.05823
11273 -0.06097
11285 0.22492
11287 -0.36530
11309 0.16976
11317 0.17217
11327 -0.61538
11340 -0.17123
11345 0.56040
11346 0.17745
11359 -0.91296
11375 -0.06664
11379 -0.32155
11380 0.46011
11388 -0.29917
11389 -0.72817
11395 0.23663
11407 0.71525
11425 -0.71377
11427 -0.37235
11438 0.33471
11440 0.58035
11443 -0.58645
11445 0.01929
11450 0.26896
11457 -0.17123
11460 1.31208
11461 -0.10161
11465 0.60897
11469 0.93806
11470 -0.18226
11483 0.33471
11491 0.09663
11502 -0.18226
11515 0.29217
11518 -0.17123
11525 -1.17925
11531 -0.08381
11533 0.47995
11537 -0.14297
11538 0.02590
11541 0.17745
11548 0.29572
11550 -0.38907
11557 0.78489
11565 -0.23647
11574 0.01751
11586 -0.06418
11594 -0.02163
11613 -0.13506
11625 0.48927
11633 -0.14890
11637 0.94579
11646 0.14862
11651 -0.37235
11667 -0.50202
11670 0.47995
11687 0.34561
11699 -0.43897
11719 -0.14969
11727 -0.26003
11736 -0.34461
11738 -0.10251
11753 0.23833
11765 0.01024
11773 0.17217
11782 -0.56998
11814 -0.31764
11816 0.47912
11818 -0.17123
11853 0.00358
11854 0.35951
11857 -0.32155
11858 -0.22581
11859 1.50753
11868 0.26896
11877 0.08092
11878 -0.31021
11879 -0.31537
11897 0.26013
11913 0.03069
11918 -0.43897
11921 0.17745
11932 -0.23311
11947 -0.07985
11954 0.12941
11955 -0.07015
11967 0.42331
11969 -0.00546
11981 0.01497
11986 0.46407
11989 0.48927
11998 0.29572
12002 0.14862
12008 0.82770
12028 -0.76358
12036 -1.09741
12037 -0.03161
12060 0.82770
12066 0.64226
12070 0.10334
12071 -0.84972
12074 0.52829
12075 0.37148
12080 -0.13973
12111 0.27029
12114 -0.06802
12130 0.05673
12132 0.56040
12133 -0.92833
12134 1.38272
12137 0.62241
12140 -0.06506
12144 -0.78048
12145 -0.36530
12153 0.07656
12161 0.41534
12194 0.23833
12202 2.27405
12207 0.49762
12208 -0.29013
12209 0.02597
12225 -0.36530
12242 -0.03872
12255 0.33471
12259 0.60897
12274 0.38758
12279 -0.12502
12282 -0.06021
12289 0.46011
12302 0.04076
12323 -0.33944
12341 -0.47479
12347 0.64143
12353 0.68989
12358 0.17217
12369 0.03500
12370 -0.65546
12373 -0.29013
12386 0.46338
12395 -0.02560
12418 0.34561
12421 0.58035
12430 0.26896
12438 -0.64027
12447 0.06541
12449 0.58979
12464 -0.24890
12477 0.32922
12481 0.14862
12493 0.81510
12497 -0.22581
12505 -0.16867
12509 0.08959
12513 6.98788
12517 0.23482
12535 -0.07391
12541 -0.23100
12558 0.01974
12566 0.16002
12578 0.50375
12582 -0.14148
12591 0.13606
12594 0.23833
12611 -0.29013
12612 0.25471
12619 0.13767
12620 0.03292
12621 0.05653
12623 0.13287
12625 -0.50202
12638 -0.61181
12644 -0.31203
12661 0.14862
12667 -0.19800
12677 0.50375
12684 -0.36163
12730 -0.11856
12731 -0.08728
12732 -0.91970
12733 0.23663
12735 -0.23311
12737 0.34531
12738 -0.30795
12759 0.75397
12763 0.04036
12765 -0.06506
12778 0.58035
12781 -0.58645
12787 -0.03859
12790 0.09277
12798 0.50715
12807 0.46244
12808 0.73847
12815 0.42170
12835 -0.31021
12842 -0.01987
12843 -0.16403
12850 -0.31021
12853 0.29217
12854 -0.62177
12862 0.14862
12863 -0.31021
12882 0.17217
12892 0.52916
12897 -0.60281
12898 0.64226
12905 -0.42239
12937 -0.05389
12951 0.19092
12965 -0.03574
12971 -0.17123
12983 0.27167
12985 0.98192
12987 1.93300
12991 -0.17560
13017 -0.62177
13045 -0.23647
13046 0.14411
13057 -0.55672
13062 -0.10251
13064 -0.45676
13065 -0.11856
13070 0.46407
13073 0.32922
13086 -0.32155
13095 -0.04865
13099 0.03500
13101 0.46244
13103 0.64226
13107 0.06657
13109 0.46564
13112 0.07114
13113 0.81510
13116 0.12941
13119 -0.18332
13120 -0.56998
13121 -0.33916
13133 0.06657
13139 -0.36837
13154 0.11722
13157 1.46714
13173 -0.31021
13177 0.06015
13179 1.46223
13183 -0.13232
13185 0.46338
13191 -0.43897
13194 0.17217
13207 1.24032
13211 0.46011
13214 -1.08834
13215 -0.29932
13220 -0.78048
13228 -0.55751
13229 -0.10723
13232 -0.46314
13235 -0.07675
13236 0.17217
13258 -0.07827
13273 0.03157
13285 -0.07985
13301 0.60897
13304 -0.18026
13323 2.18563
13327 0.50375
13329 0.46564
13331 -0.48473
13336 -0.80099
13340 0.14862
13351 -0.76239
13366 0.06015
13379 -0.47950
13383 0.37921
13388 0.28618
13390 0.46564
13394 -0.43897
13396 -0.47950
13403 -0.00655
13409 -0.31021
13413 -0.16888
13414 -0.23311
13417 -0.45948
13431 0.31167
13435 0.82926
13442 0.46244
13470 0.05544
13471 -0.33594
13472 1.38272
13489 0.06283
13493 0.14862
13494 -0.14148
13497 -0.31021
13519 -0.50202
13523 0.46338
13531 0.62241
13561 -0.50202
13571 0.65342
13577 -0.31021
13579 0.17217
13580 0.09599
13613 0.47995
13615 -0.45589
13622 -0.08985
13623 0.47912
13626 0.01932
13637 -0.00438
13639 0.04560
13679 -0.29917
13693 -0.76976
13695 -0.02603
13707 -0.50202
13713 -0.24053
13725 -0.29194
13735 -0.31021
13737 0.48927
13756 -0.13973
13764 -0.24963
13771 -0.03923
13788 -0.03538
13794 0.50375
13801 0.37148
13806 -0.17123
13807 -0.20585
13817 0.40377
13819 -0.20648
13842 0.04001
13853 -0.31021
13857 -0.06717
13878 0.92959
13881 0.24876
13897 0.93806
13925 0.17227
13935 -0.09156
13936 -0.38136
13951 0.00040
13961 -0.17123
13978 0.50375
13981 -0.58645
14000 -1.19303
14007 -0.13790
14013 0.42170
14022 -0.18894
14034 -0.22581
14045 -0.01474
14052 0.27452
14053 -0.00829
14058 0.26896
14063 0.03962
14071 -0.45675
14083 0.73415
14084 0.08916
14098 -0.16935
14103 -0.27341
14106 0.03167
14108 -0.71367
14110 0.37921
14121 -0.14443
14124 -0.31012
14126 0.24272
14151 0.15366
14160 0.05544
14169 -0.40868
14170 -0.04908
14173 0.29572
14180 -0.09699
14187 -0.76239
14193 0.42170
14199 -0.24053
14270 0.04159
14273 -0.08497
14292 -0.17123
14297 0.01508
14312 0.32922
14313 0.56040
14333 -0.71619
14337 -0.24053
14341 -0.34410
14349 0.75283
14354 -0.12234
14358 -0.54103
14362 1.32815
14381 0.47912
14383 1.74991
14389 0.05035
14396 -0.31764
14399 0.18714
14404 -0.07271
14406 -0.15671
14408 0.46407
14409 -0.03859
14411 0.98192
14417 -0.07121
14421 0.07148
14429 0.33471
14432 -1.03413
14433 -0.48473
14434 0.03284
14441 0.64226
14445 -1.00248
14448 -0.10024
14449 1.10559
14450 0.17745
14451 -0.32155
14453 -0.20648
14461 0.33197
14463 0.60897
14464 -0.23311
14471 0.23482
14473 -0.98150
14495 -0.37421
14501 -0.21754
14503 0.92390
14507 0.34561
14509 0.47692
14510 -0.47950
14522 -0.30177
14523 -0.76239
14529 1.26037
14548 -0.76239
14557 2.36431
14578 -0.32155
14580 -0.24963
14581 0.31503
14583 -0.11856
14585 0.04313
14586 -0.50202
14589 0.31493
14606 -0.66859
14607 -0.49990
14611 0.11037
14620 0.90154
14628 -0.55672
14631 0.56670
14643 -0.76239
14645 -0.23311
14658 -0.61181
14669 -0.24806
14674 -0.80099
14675 0.32922
14686 0.01569
14696 0.46407
14697 0.51722
14698 0.44180
14701 0.25471
14705 -0.19347
14706 -0.74389
14709 -0.29917
14715 0.09153
14725 0.46244
14727 -0.20648
14728 -0.76239
14729 0.23307
14747 1.31308
14755 -0.11105
14758 -0.22581
14775 0.02613
14781 0.73847
14787 -0.03859
14799 0.24943
14803 -0.15000
14809 0.23663
14837 0.63034
14840 0.62241
14841 -0.29013
14844 0.46338
14845 -0.48473
14851 -0.61357
14852 0.17217
14853 0.40894
14854 2.10515
14857 -0.50202
14861 0.62241
14879 -0.10876
14885 -0.07015
14887 -0.45452
14889 -0.06240
14893 0.63267
14897 0.62241
14901 -0.11856
14908 0.24098
14909 -0.58645
14918 0.47912
14921 -0.65555
14928 0.64226
14933 -0.10375
14934 -1.15181
14937 -0.61181
14943 0.28151
14944 -0.36974
14945 -0.17123
14947 2.01499
14952 0.34561
14953 0.34531
14961 0.34747
14980 -0.62177
14992 2.27405
14993 -1.00280
14995 -0.05837
15001 -0.47950
15007 -0.48473
15009 0.56040
15015 -0.29013
15019 0.23663
15022 0.34531
15029 0.47912
15045 -0.35462
15048 0.07996
15053 -0.21543
15054 -0.71367
15058 -0.22581
15065 -0.61181
15069 1.49135
15074 -0.76239
15077 -0.14032
15078 0.17217
15081 0.13492
15082 2.27405
15083 -0.48473
15084 -1.58666
15085 -0.67818
15093 0.42170
15113 -0.50202
15114 -0.31021
15129 -0.05364
15130 0.29025
15137 -0.33789
15143 0.06283
15145 0.29176
15157 0.30539
15159 0.25471
15160 -0.50687
15165 0.50375
15171 0.64204
15227 -0.24053
15233 0.17217
15245 0.23663
15251 -0.30795
15253 0.66812
15257 -0.60963
15261 0.03069
15282 -0.76239
15292 -0.06220
15322 0.14411
15333 0.46244
15338 -1.19303
15346 0.17745
15359 -0.03939
15360 0.13606
15361 0.17217
15363 0.05426
15368 0.41534
15369 0.56390
15376 0.03901
15389 0.17745
15390 0.27452
15400 0.37921
15401 0.46407
15414 -0.22581
15419 0.56040
15421 1.66229
15422 0.08916
15434 0.37921
15438 0.46407
15439 -1.85267
15441 -0.27341
15448 0.37921
15461 0.23663
15475 0.49762
15490 0.47912
15493 -0.03633
15497 0.03529
15501 0.18333
15506 0.05100
15509 0.54113
15510 0.05544
15513 0.62241
15515 0.29572
15517 -0.36974
15519 -0.13790
15520 0.34531
15522 -0.09694
15525 -0.26649
15526 0.44061
15536 -0.61181
15537 -0.36945
15542 1.35581
15547 -0.80629
15557 -0.60963
15559 0.51227
15563 2.02764
15565 -0.17123
15567 -0.08099
15576 0.50375
15581 0.33471
15585 0.13539
15591 0.03844
15593 -0.48473
15603 -0.02189
15604 0.42410
15605 0.04036
15609 -0.62177
15615 -0.31021
15616 -0.22581
15617 0.23663
15621 0.06911
15629 0.02631
15637 0.23833
15640 -0.37235
15641 0.23663
15649 -0.50202
15650 0.32922
15661 0.33471
15666 -0.76239
15671 0.03882
15676 0.56040
15677 0.02079
15678 -0.65546
15687 -0.06051
15689 -0.10876
15705 -0.06065
15707 -0.36530
15728 -0.20648
15729 0.26896
15731 1.21317
15738 0.95544
15747 -0.19347
15748 -0.43897
15754 -0.24715
15755 -1.64756
15758 0.50375
15759 -0.45676
15763 0.47427
15767 -0.15732
15771 0.89594
15775 0.04036
15780 0.01161
15781 0.30972
15783 -1.26120
15786 -0.10024
15789 0.02776
15791 -0.97296
15793 0.34561
15805 -0.58645
15815 -0.07985
15824 0.47721
15831 -0.19347
15861 0.05673
15864 -0.03943
15866 0.13606
15867 0.03844
15869 0.56670
15895 0.29217
15921 0.14432
15923 0.41012
15927 0.17217
15951 0.42916
15977 -0.00364
15981 0.32922
16001 1.40340
16007 0.34167
16013 -0.03859
16017 -0.20805
16021 0.80484
16033 -0.12728
16035 -0.23311
16067 -0.24053
16069 -0.61977
16071 0.40048
16073 -0.10375
16077 0.56040
16081 -0.05909
16085 -0.10168
16093 0.72399
16097 -0.85871
16101 0.17609
16113 0.34561
16114 0.61100
16117 -0.10603
16118 0.80958
16119 1.47368
16123 -0.08099
16125 0.85750
16127 -1.27228
16129 1.08612
16136 -0.34707
16139 0.77444
16147 -1.08586
16148 -0.10995
16151 -1.09741
16155 -2.22109
16158 0.58035
16168 0.37921
16172 0.92027
16175 0.79448
16177 -0.43897
16178 0.62241
16187 0.50375
16189 -0.85026
16193 -0.28166
16205 0.64226
16213 -0.03923
16214 0.19100
16218 -0.31203
16228 -0.27925
16237 1.38477
16259 0.37724
16260 -0.49990
16261 -0.10024
16263 -0.42239
16267 -0.65593
16275 -0.67320
16276 0.44838
16278 -0.17123
16280 0.63395
16281 -0.07391
16284 -0.43897
16288 -0.47950
16321 1.12342
16322 0.58035
16324 -0.33594
16325 -0.17123
16342 -0.76691
16358 0.11722
16371 0.50951
16383 0.12450
16386 -0.76358
16387 0.64204
16395 0.33471
16405 0.46184
16422 -0.43897
16443 0.09931
16446 0.75016
16451 -0.63267
16455 0.12105
16461 0.56670
16464 0.29025
16469 -0.12465
16474 0.56670
16484 -0.55071
16503 0.50375
16508 -0.34461
16509 0.44859
16510 -0.09156
16511 -0.60948
16515 -0.21962
16524 0.89594
16525 -0.02163
16527 0.02586
16532 0.82435
16539 0.88227
16543 0.29572
16569 -0.83512
16576 -0.13973
16579 -0.31203
16586 0.32922
16597 0.49762
16601 -1.42104
16609 0.81087
16622 0.46011
16623 -0.81681
16629 -0.02603
16645 0.47995
16652 0.87512
16660 -0.22581
16667 0.19788
16678 0.13606
16682 -0.10287
16693 0.13542
16707 2.03532
16708 0.17745
16711 -0.15026
16716 -0.24963
16724 -0.92835
16734 0.14862
16738 0.31467
16761 0.56670
16769 0.06911
16776 -0.37792
16777 -1.44560
16782 0.23482
16789 0.02613
16819 0.50375
16853 0.29572
16857 0.41561
16858 0.34531
16866 0.06817
16874 -0.61181
16887 0.50375
16889 -0.15504
16893 0.05035
16894 -0.06802
16904 0.23663
16906 0.02590
16909 0.00926
16913 0.47995
16914 0.82770
16929 0.03844
16931 -0.15000
16955 -0.24963
16965 0.17745
16972 0.47995
16983 0.34531
17006 0.25471
17007 0.47995
17013 -0.34410
17016 0.64226
17026 -0.14148
17031 0.17745
17050 0.81510
17053 0.42170
17066 1.07806
17080 0.14993
17085 -0.19347
17101 0.15366
17113 0.02877
17117 0.29572
17126 -0.55751
17131 -0.14668
17136 0.55991
17169 -0.50202
17186 0.07429
17213 -0.17123
17215 -0.23311
17230 -1.44164
17234 0.60897
17256 0.17217
17274 1.21317
17279 0.47912
17282 -0.43897
17289 -0.13114
17290 -0.50188
17301 0.37148
17326 0.25471
17333 -0.33594
17334 0.49762
17341 0.02613
17345 -0.52725
17357 -0.76239
17361 0.34531
17363 -0.17123
17367 -0.14443
17372 -0.24052
17373 0.32922
17381 -0.17123
17389 0.29572
17413 -0.36843
17414 0.46244
17427 0.32922
17435 0.43262
17440 0.13606
17441 0.37430
17442 0.75016
17445 0.47912
17462 1.50531
17469 0.37921
17491 -0.00546
17497 4.26753
17501 0.50375
17516 -0.12245
17521 0.03844
17529 0.05653
17541 0.14392
17549 0.06476
17561 -0.19347
17566 -0.27925
17576 -0.24053
17587 0.06911
17602 -0.50687
17609 -0.79490
17615 0.40377
17620 -0.68514
17622 -0.43897
17623 0.25471
17629 -0.09156
17631 -0.15340
17655 0.42170
17662 -0.33594
17678 0.42903
17679 0.23482
17680 0.17217
17685 -0.32155
17687 0.19698
17688 -0.56998
17693 -0.10581
17694 -0.17123
17695 -0.19979
17705 0.23833
17720 0.32922
17721 0.03529
17733 0.33471
17744 0.70267
17749 0.68110
17752 0.31033
17761 0.00838
17764 0.09112
17774 -0.36530
17781 -0.10876
17785 0.34561
17805 0.56670
17806 0.37148
17811 -0.49349
17814 0.42170
17823 -0.60963
17833 0.68068
17834 0.47427
17836 -0.20356
17841 -0.00067
17849 -0.58645
17850 -1.10947
17854 0.25471
17855 0.25471
17861 -1.02620
17862 0.13542
17864 -0.09420
17865 0.04284
17867 -0.50202
17869 -0.83512
17880 -0.61181
17886 -0.31203
17887 0.80494
17900 -0.06454
17903 0.40048
17909 0.46011
17911 1.03720
17914 -0.13973
17923 -0.80629
17941 -0.34410
17945 -0.07747
17948 -0.31012
17961 -0.81681
17973 0.06657
17974 -0.91970
17977 -0.23311
17982 -0.91970
18001 -0.60963
18005 -1.41193
18009 0.03991
18010 0.04727
18013 -0.30795
18025 0.40377
18029 -0.03859
18033 0.46244
18037 -0.49990
18043 -0.50202
18046 0.23833
18050 0.91049
18053 -0.10876
18054 -0.17219
18081 -0.12330
18082 -0.04898
18085 -0.50154
18090 0.01864
18095 -0.50202
18104 0.14862
18107 0.46244
18109 0.62241
18114 -0.37792
18119 -0.10024
18129 -0.92833
18135 0.13606
18141 -0.00526
18151 3.93805
18175 0.78291
18179 0.33471
18187 -0.34410
18205 -0.49990
18220 0.33471
18221 -0.36530
18225 0.41000
18229 0.73579
18233 -0.13273
18235 -0.10723
18240 0.46011
18242 0.23663
18258 -0.33594
18265 -0.08422
18269 0.33471
18275 0.36104
18280 -0.36163
18314 -0.29194
18323 0.48927
18326 -0.42239
18333 0.75016
18337 -0.55672
18343 0.23833
18344 0.25471
18345 0.23833
18347 -0.31925
18353 0.23663
18365 -0.17123
18371 0.47936
18372 -0.17123
18378 -0.31203
18384 0.08916
18386 0.46564
18399 -0.03141
18407 -0.42239
18417 0.56670
18418 0.02751
18419 -0.24788
18421 1.46223
18425 0.17020
18449 1.88166
18453 0.69664
18454 -0.30795
18456 -1.08834
18457 -0.00793
18458 -0.35462
18470 -0.78327
18473 0.02367
18477 0.54587
18487 -0.12198
18491 -1.27335
18493 0.35801
18499 -0.48473
18505 -0.10886
18509 0.06476
18522 0.10145
18528 0.47427
18529 -0.15000
18539 -0.32155
18546 0.01724
18553 -0.23311
18558 -0.11869
18561 -0.40379
18562 -0.31764
18565 0.38448
18569 0.50375
18577 0.47912
18578 0.74028
18579 0.19510
18583 -0.99145
18589 -0.36530
18591 0.60897
18593 0.46407
18617 0.12105
18621 -0.47950
18625 0.37921
18627 -1.00280
18628 -0.62177
18632 0.02844
18638 -0.64852
18650 0.13606
18653 0.02237
18654 -0.37235
18658 -0.06331
18663 -0.23311
18670 0.61100
18673 0.55605
18674 -0.10603
18677 0.82926
18681 -0.42239
18683 -0.05364
18703 -0.17123
18707 0.00173
18711 0.46407
18724 0.14862
18728 -0.29194
18743 0.23663
18744 0.79152
18765 -0.19800
18779 0.06015
18789 0.32922
18795 0.73847
18797 0.23833
18805 -0.09045
18810 -0.78048
18813 1.65039
18817 -0.45675
18821 -0.75607
18846 0.50375
18848 0.47912
18867 0.62241
18878 -0.61181
18887 -0.06970
18895 -0.92833
18899 -0.02163
18906 0.07579
18941 0.56040
18944 0.47912
18953 -0.37235
18958 -0.15784
18959 0.64226
18984 -0.55672
18990 0.03901
19005 0.18955
19009 0.16793
19015 -0.65426
19018 0.17217
19029 -0.47950
19032 -0.17330
19037 0.14669
19047 -0.03633
19048 0.17745
19051 0.03529
19064 0.05544
19077 0.46011
19082 0.70267
19090 0.31033
19093 -0.34461
19095 -0.08542
19102 -0.29013
19104 -0.06454
19107 -0.10024
19123 0.13606
19142 -1.09741
19159 0.06476
19181 0.46338
19202 -0.09420
19209 0.31578
19215 0.23482
19216 0.14862
19225 -0.10723
19234 0.37148
19235 -0.34461
19244 0.98192
19251 -0.17123
19257 -0.64027
19261 -0.80629
19263 0.23833
19265 1.83879
19266 0.46407
19271 -0.24053
19275 -0.60963
19279 -1.96737
19286 -0.22632
19312 -0.31021
19313 -0.36974
19315 0.23833
19320 -0.91970
19365 -0.76358
19379 -0.18226
19394 0.48927
19437 0.45532
19447 0.62241
19448 0.46564
19451 0.41534
19452 -0.78048
19473 0.03069
19481 -0.76239
19487 -0.11856
19491 0.33471
19513 -0.08728
19517 -0.12728
19523 0.92884
19534 0.98192
19541 0.42170
19577 -0.55071
19590 0.46244
19609 0.02613
19613 -0.19347
19620 -0.24053
19625 -0.48933
19629 0.58035
19633 -0.08599
19641 -0.05362
19646 0.88520
19647 -0.47620
19653 0.94916
19655 0.98268
19663 1.64311
19664 -0.61181
19666 0.47912
19674 -1.03413
19675 0.31571
19677 0.13111
19679 0.60897
19680 0.34531
19683 -0.89179
19692 0.34561
19701 -0.07897
19703 1.14961
19704 0.11466
19721 0.00987
19730 -0.36974
19733 -0.31215
19737 0.10240
19738 0.46338
19740 -0.48473
19741 0.32922
19745 0.92390
19758 -0.11562
19765 -1.48566
19769 0.56040
19779 0.34531
19792 -0.61181
19828 -1.08834
19847 0.05648
19849 -1.02505
19853 0.04321
19856 0.47912
19870 0.79172
19877 -0.32155
19883 1.10248
19889 -1.09863
19898 0.37921
19899 -0.29013
19911 0.11635
19920 1.05931
19928 1.38272
19929 0.23833
19931 0.28618
19933 0.42170
19965 -1.00280
19981 0.46564
19983 -2.03193
19985 0.02825
19987 -0.17123
19989 1.49494
19993 -0.76239
20001 -0.23311
20013 -0.03574
20014 0.62241
20039 0.68779
20052 -0.76239
20056 -0.78048
20067 0.62241
20075 -0.48473
20081 0.23663
20085 -0.17123
20092 -0.16386
20104 -0.34183
20123 0.80848
20127 -0.05605
20129 -0.72932
20131 -0.36974
20146 -1.15181
20150 0.24098
20151 0.40377
20154 0.13606
20175 0.48927
20185 -0.38656
20186 0.00950
20189 -0.40472
20193 -0.31203
20195 0.23833
20201 -0.41522
20206 -0.17123
20225 0.05201
20229 -0.10876
20241 0.01093
20273 0.41534
20288 0.34531
20297 0.64226
20299 0.56670
20309 -0.16156
20314 0.57287
20353 -0.34410
20354 0.24098
20358 -0.67008
20375 -0.59550
20380 0.26896
20386 0.47912
20391 0.52916
20399 -0.51580
20405 -0.05218
20407 -0.17123
20413 -1.00280
20421 0.56670
20442 0.40764
20443 -0.15340
20457 0.40377
20479 0.46011
20480 -1.09741
20513 0.47995
20517 0.23482
20521 0.34561
20542 -0.64027
20558 -0.31203
20571 0.22927
20574 0.09931
20589 -0.00829
20609 0.23833
20611 0.25471
20613 -0.60963
20642 0.17745
20645 0.05719
20652 0.14862
20657 0.17217
20672 -0.45676
20689 -0.22340
20693 -0.57814
20701 -0.19347
20712 -0.13572
20717 0.54311
20719 0.97744
20727 -0.58645
20750 0.56040
20758 0.23482
20773 -0.36974
20785 0.42170
20789 0.41534
20790 -0.54209
20797 -0.13506
20801 -1.17091
20805 1.53317
20807 -0.17123
20809 -0.08099
20818 0.50375
20821 -1.08834
20825 -0.11856
20827 0.13539
20828 0.27684
20830 -1.87764
20831 -0.05364
20836 -0.34461
20843 -0.07996
20846 0.42410
20853 -0.17123
20857 0.03543
20858 -1.02673
20859 -0.43897
20871 0.02613
20889 -0.03141
20913 -0.66895
20916 -0.09420
20929 -0.27409
20930 -0.34978
20933 0.20810
20941 -4.18446
20948 0.34561
20949 -0.36530
20951 0.49762
20953 0.51208
20969 -0.62177
20970 -0.34794
20972 -0.45676
20973 1.23922
20976 -0.17123
20985 -0.31021
20990 -1.20011
20997 -2.54031
21001 0.14862
21004 0.62769
21011 0.62241
21015 -0.34173
21018 0.34531
21025 -1.41073
21027 0.46011
21032 0.34561
21033 -0.80014
21035 0.34561
21037 -0.29769
21054 -0.34134
21057 -0.07985
21065 0.34531
21068 -0.36974
21070 -0.76239
21073 -0.81523
21074 -0.49990
21078 0.43558
21105 -0.31021
21109 0.45602
21124 0.00876
21127 -0.31021
21137 -3.30248
21155 -0.45676
21158 1.16409
21160 -0.29194
21165 0.81741
21169 -0.83344
21173 -0.33594
21178 0.23833
21179 -0.05853
21193 -0.36974
21197 -0.65780
21201 -0.81681
21221 0.40329
21229 -0.31385
21237 0.06476
21249 0.51569
21253 -0.15035
21257 0.05653
21258 0.47912
21263 -0.31203
21270 0.09112
21277 0.10369
21280 -0.10876
21281 -0.13606
21283 0.83921
21287 -0.00655
21296 0.23833
21298 1.05931
21305 0.92884
21307 0.73847
21309 -1.23145
21313 -1.23971
21321 -0.29194
21333 0.95399
21345 0.29572
21361 -1.12501
21362 0.13606
21365 2.05616
21369 -3.87625
21378 -1.30225
21381 0.16286
21386 -0.10995
21388 -0.08099
21389 -0.28749
21390 -0.10995
21393 -1.09741
21397 -2.22109
21410 3.08979
21413 0.17745
21417 0.67591
21421 0.28618
21428 0.24372
21442 -0.18026
21454 0.33471
21458 0.60897
21466 0.92390
21472 0.10145
21475 -0.05161
21478 -0.31021
21479 0.32922
21489 -0.59550
21492 -0.29013
21501 0.20005
21502 -0.49990
21504 -0.24890
21505 -1.07655
21507 -0.60963
21508 -0.22702
21509 -0.65593
21515 0.37921
21517 -1.11203
21518 0.44838
21522 0.10773
21529 -0.17539
21532 0.46885
21533 0.08916
21534 -0.67008
21541 -0.11856
21551 -0.08599
21553 -0.39616
21565 -0.08776
21577 -0.36974
21590 -0.20648
21613 0.84410
21617 0.32922
21623 -0.44764
21629 0.64204
21637 0.56040
21641 1.36487
21655 0.11635
21661 0.56670
21669 0.40048
21676 -0.30075
21680 1.08047
21692 0.09596
21697 0.47912
21699 0.56040
21711 -0.36530
21713 0.48927
21721 0.08089
21731 0.75016
21752 0.47912
21753 -1.40312
21757 -0.21962
21760 0.40048
21761 0.23833
21763 0.46564
21766 0.06321
21774 0.82435
21777 0.42170
21781 1.10248
21785 0.02776
21789 0.44144
21817 0.46011
21821 -0.58645
21825 0.34531
21838 -0.36974
21839 0.15389
21843 -0.61181
21847 -0.07861
21853 -0.29013
21862 0.13606
21874 0.26896
21894 0.87512
21899 -1.00092
21905 -0.22581
21909 -0.52725
21913 -0.34183
21914 -0.08099
21929 -0.07861
21931 0.46244
21945 0.13606
21949 2.91577
21950 0.17745
21953 0.09392
21966 -0.92835
21967 0.47912
21973 -0.00364
21978 0.10334
21980 0.92027
21981 1.99728
21982 -0.62177
21985 -0.30730
22005 -0.12465
22017 -2.22109
22021 -0.04761
22023 -0.52725
22039 0.03327
22053 1.22751
22055 0.76641
22059 1.46479
22061 0.13606
22063 -0.64381
22068 -0.17123
22079 -0.31764
22082 0.70267
22083 -0.06717
22086 0.46338
22087 0.13606
22096 0.23482
22109 -0.07897
22112 0.04634
22115 -0.29013
22121 -0.23100
22122 -0.10024
22127 0.14862
22129 -0.60963
22133 -0.00074
22155 0.05426
22166 -0.22581
22174 -0.34461
22179 0.32922
22183 0.50375
22187 0.46011
22189 -0.12330
22193 -0.20592
22215 0.51741
22222 0.37148
22230 0.17745
22236 0.04727
22239 -0.60963
22249 0.64204
22271 -0.61181
22279 -0.00829
22284 -0.47950
22285 -0.01825
22289 0.49762
22310 -0.45676
22327 -1.17905
22331 0.37148
22349 0.62241
22355 0.95322
22359 0.41534
22361 0.23833
22370 0.34561
22373 -0.34410
22394 0.47912
22400 0.34531
22401 0.40329
22406 0.34531
22417 0.60897
22432 -0.23311
22435 0.33471
22459 -0.22578
22473 -0.62177
22486 0.80532
22495 0.37148
22541 0.41534
22555 -0.58645
22565 -0.83512
22566 0.14762
22573 1.00768
22586 -0.16483
22587 -0.52725
22593 0.49762
22602 0.47427
22605 0.33905
22614 -0.36974
22618 -0.10876
22631 0.58035
22633 0.28618
22643 -0.07121
22645 0.73847
22647 0.07148
22657 0.40377
22660 0.03284
22663 0.54516
22665 0.25471
22671 -0.17270
22677 0.58116
22679 0.34531
22681 -0.29013
22689 0.00978
22693 0.46407
22694 0.64226
22698 1.97498
22705 0.20845
22711 0.42985
22731 -0.55672
22745 0.48927
22750 0.37921
22755 0.58035
22757 -0.03939
22763 0.53977
22772 -0.20356
22793 -0.01825
22817 0.32922
22824 0.46564
22842 -0.24890
22846 -0.22702
22852 -0.48473
22857 -0.20356
22861 0.01023
22870 0.46885
22873 -0.15340
22881 -0.12519
22889 -0.08599
22891 -0.39616
22896 1.08047
22912 0.02631
22913 0.41874
22923 -0.06306
22925 0.42170
22927 0.25282
22929 0.19698
22930 -0.56998
22937 1.11695
22941 0.60897
22951 1.23959
22955 0.58348
22961 -0.18339
22977 0.93806
22980 0.46338
23014 -0.30075
23027 0.17745
23035 -0.76239
23054 -0.65546
23059 -0.36530
23069 0.75016
23075 0.50021
23079 -0.10995
23092 0.40048
23125 0.67207
23129 0.80494
23137 0.03962
23143 0.93176
23147 -0.00526
23153 -0.19355
23160 0.27452
23161 0.33471
23170 -1.70001
23181 -0.61181
23183 0.06432
23185 -0.07861
23198 0.12941
23204 -1.70859
23205 -0.17642
23211 0.46407
23227 -0.17123
23245 -0.64027
23285 -0.50202
23288 0.64226
23290 -0.13874
23293 0.25471
23294 0.07429
23295 0.44429
23296 1.10222
23311 0.15366
23317 -0.02560
23318 -0.34461
23322 0.25471
23374 0.50375
23377 0.13606
23385 -0.07747
23391 -0.06556
23397 1.08612
23401 0.01522
23402 0.25471
23408 0.37148
23417 -0.06802
23425 0.13606
23445 0.19563
23455 -0.16234
23470 -0.29013
23483 -0.58645
23485 0.03280
23497 0.50375
23503 0.07148
23505 -0.85026
23511 -0.10812
23514 0.46564
23515 0.06476
23517 0.01925
23520 -0.24053
23521 0.40377
23528 0.10145
23529 0.17412
23539 -0.64027
23541 -1.00092
23570 0.23833
23573 0.00968
23577 -0.58227
23579 -0.36974
23580 -0.27925
23585 -0.36974
23591 0.34561
23595 -0.62177
23598 0.29572
23611 -0.42079
23642 -0.62883
23646 -0.43897
23657 0.25471
23661 -0.24788
23665 -1.17905
23666 0.92390
23669 -0.32155
23685 0.04036
23693 0.46407
23695 0.23833
23704 -0.24890
23706 0.06469
23711 -0.00780
23725 0.33471
23737 0.00891
23741 -0.80226
23742 0.27452
23752 0.37921
23769 0.92151
23770 -0.04327
23780 -0.65546
23797 -0.22578
23809 -0.23311
23825 -0.81681
23826 -0.42239
23846 -0.55672
23849 0.06283
23853 0.19510
23858 -0.30795
23868 0.08092
23883 -1.00092
23887 -0.00438
23891 -0.17123
23898 0.50375
23899 -1.38770
23905 0.50375
23913 0.04560
23930 0.23482
23937 -0.48473
23941 -0.07747
23945 0.23482
23947 -0.12502
23966 0.70267
23975 0.41045
23985 0.09624
23986 1.57682
23993 -0.05223
24007 0.34561
24009 0.23663
24049 0.42170
24054 -0.47950
24056 -0.24053
24057 0.41534
24060 -0.24053
24069 -0.76358
24088 0.37921
24091 0.03529
24105 0.49762
24110 -0.20356
24123 0.51208
24134 0.33471
24137 0.15366
24155 0.14862
24161 -0.05837
24177 -0.42239
24178 0.17745
24195 -0.92833
24224 -0.11856
24234 1.08047
24245 -0.43461
24249 -0.10625
24259 0.58035
24293 0.93806
24304 0.79201
24325 0.40377
24329 -0.36530
24338 -0.36974
24350 -0.38125
24366 0.00626
24377 -0.27341
24397 -0.36530
24403 0.47912
24404 0.23833
24407 -0.08037
24418 0.10145
24425 0.02825
24443 0.32922
24450 -0.30795
24475 -0.65593
24493 -0.24053
24501 0.46011
24525 0.33471
24528 0.11466
24529 -0.29013
24530 0.05201
24543 0.48927
24553 0.38904
24554 -0.31021
24557 1.04239
24561 -0.62177
24577 0.80067
24581 0.06432
24591 -2.38075
24608 0.42170
24613 -0.82872
24623 0.37148
24638 -0.16483
24646 0.13606
24659 0.01413
24678 0.04472
24679 0.00604
24693 -0.10876
24699 -0.36530
24702 -0.50188
24703 -0.31537
24709 0.23949
24738 0.41534
24746 0.37148
24750 0.44061
24762 0.46011
24781 -0.01474
24795 -0.29194
24804 -0.43897
24808 -0.29013
24821 -0.58645
24822 -0.61181
24827 -0.77480
24830 0.19788
24853 -0.49990
24885 -0.69317
24889 0.06360
24897 0.98268
24908 0.23833
24914 -0.34461
24917 -1.11045
24921 0.11775
24923 0.17086
24925 -0.63704
24932 0.91598
24934 1.38390
24936 0.58182
24945 2.44621
24951 -0.34410
24953 -0.00601
24957 0.22949
24964 -0.08599
24965 -0.12129
24966 -0.65896
24973 -0.02189
24977 -0.06664
24984 -0.43897
24990 -0.22260
24997 -0.92833
25004 0.92390
25021 -0.76239
25045 0.96974
25058 -0.20448
25066 -1.15933
25069 -0.05161
25076 0.17745
25087 -0.73220
25088 -0.12129
25089 -0.24420
25091 -0.12180
25101 -0.32155
25102 -0.24715
25105 0.37148
25106 -0.34461
25109 -0.79041
25112 0.23482
25118 -0.65546
25119 -0.16656
25125 0.09065
25126 -0.50188
25129 0.73415
25137 -0.62177
25141 1.67219
25145 0.64226
25146 -0.17123
25147 -0.57716
25157 0.37148
25162 -0.29013
25165 -0.76239
25167 0.33309
25169 -0.27374
25170 1.38272
25173 1.22404
25177 -0.11665
25189 -0.56451
25194 -0.16158
25200 -0.31215
25215 0.06077
25223 -0.05669
25225 -0.14946
25235 0.34561
25240 0.98192
25249 -0.18226
25259 -0.52725
25267 0.23482
25273 0.59843
25279 0.06015
25281 0.18505
25285 0.75410
25293 0.08497
25294 -0.32155
25295 0.65996
25313 0.17217
25315 0.49795
25324 -0.76239
25353 -0.71977
25355 0.32922
25357 0.25471
25376 0.37921
25379 0.37148
25393 0.65842
25398 -0.43399
25402 -0.49990
25404 0.14411
25412 -0.33217
25416 -0.60963
25426 -0.31021
25435 0.47995
25459 0.34531
25477 0.40377
25484 -0.54926
25499 0.14411
25501 0.48927
25519 -0.31925
25527 0.45821
25530 0.13606
25533 -0.92833
25552 0.23663
25565 0.14862
25569 0.28618
25584 -1.09741
25588 -0.36163
25597 0.58035
25608 0.42170
25618 -0.16483
25627 0.02712
25641 0.00836
25661 0.62241
25663 0.34561
25664 -0.09156
25676 -0.36974
25695 0.33471
25697 0.01665
25704 0.56040
25705 1.29916
25707 0.49762
25739 0.57793
25741 -0.58645
25743 0.02612
25747 0.17217
25774 0.23833
25779 -0.42079
25800 -0.08099
25808 0.70267
25813 -0.65593
25817 0.12972
25818 -0.07200
25821 0.09047
25826 -0.76239
25832 -0.14148
25839 0.23833
25853 0.46338
25858 -0.29013
25866 0.11466
25871 0.08451
25883 -0.35462
25894 0.03069
25896 -0.32155
25901 1.18756
25910 -0.22581
25924 0.64226
25944 0.05171
25954 0.00910
25962 0.02855
25963 0.50375
25969 0.14862
25970 -0.10995
25977 0.17745
25979 -0.28202
25981 -0.18789
25983 -0.49990
25994 0.11465
25995 0.08001
26008 0.58695
26021 0.03500
26029 0.46338
26040 0.46338
26053 0.46407
26073 0.06988
26085 -0.09026
26118 -0.24053
26120 -0.06506
26121 -0.58645
26129 0.01407
26157 -0.36530
26159 -0.60032
26168 -0.60963
26175 -0.47950
26178 0.02289
26179 -0.32160
26180 -0.29194
26181 -0.30730
26182 0.64226
26183 0.46564
26192 0.23663
26195 0.62241
26197 0.49762
26223 0.23482
26225 -0.14398
26237 -0.64027
26240 -0.29013
26243 0.02712
26244 -1.03507
26254 -0.31021
26256 0.07114
26269 0.07407
26270 0.91598
26273 -0.81681
26277 0.62241
26284 -0.43897
26303 -0.24616
26307 1.88538
26308 -0.11856
26311 -0.17123
26325 -1.02368
26351 0.40501
26355 0.46244
26357 0.04871
26363 0.57026
26379 -0.07953
26383 -0.31021
26385 0.09113
26397 -0.14398
26411 -0.31021
26427 -0.92833
26441 0.23663
26452 0.17745
26457 0.21138
26458 0.34561
26467 0.02319
26485 -0.34410
26494 0.02427
26498 0.17217
26531 -0.10876
26542 0.17745
26551 0.34561
26573 0.34561
26579 -0.40835
26586 0.48927
26589 -0.36974
26600 0.13606
26605 0.23482
26607 0.14862
26611 -3.63787
26628 -0.04076
26633 0.65996
26642 0.64226
26659 0.46407
26670 -0.61181
26679 0.82926
26685 0.23833
26689 -0.10723
26690 -0.35462
26703 -0.07745
26708 0.64226
26710 -0.31021
26715 0.49762
26731 0.32922
26746 0.47995
26751 -0.25907
26764 -0.31021
26773 0.47995
26775 0.48927
26782 0.03757
26786 -0.30795
26827 0.42338
26857 0.61100
26867 0.81510
26869 0.93176
26881 0.03882
26889 -0.36530
26890 -0.28349
26896 -0.22581
26899 0.25471
26905 -0.48473
26915 -0.49990
26917 -0.32155
26922 -0.22212
26930 -1.70859
26951 0.56670
26953 0.02106
26956 -0.16483
26983 1.17749
27013 -0.17123
27037 0.00521
27039 -0.29013
27040 -0.29013
27068 -0.03943
27079 0.34561
27085 -0.58645
27097 0.07148
27103 0.47912
27114 0.40048
27116 -0.59220
27117 -0.05919
27125 0.33471
27127 0.46244
27129 -0.34183
27135 0.62241
27138 -0.08099
27163 0.56390
27164 -1.03507
27173 -0.18894
27174 0.23833
27205 0.00583
27243 -0.50202
27249 -0.45676
27265 -0.02163
27267 0.00604
27284 0.46407
27289 0.33471
27308 -0.10995
27310 0.29572
27321 -0.49990
27322 0.18744
27332 0.03284
27339 0.49762
27341 0.51741
27343 0.58035
27351 -0.06454
27356 0.52916
27377 -0.48473
27379 0.06283
27394 -0.29194
27426 0.46407
27427 0.17745
27433 -0.03539
27436 -0.36530
27451 0.01147
27479 -0.62177
27497 -0.78940
27501 0.73415
27507 0.58035
27510 -0.20648
27525 0.42170
27527 -0.23311
27554 0.42331
27555 1.01502
27558 0.17745
27560 0.81554
27561 -0.10655
27562 0.68849
27563 0.89168
27566 1.71490
27570 0.89594
27571 0.82770
27575 0.92027
27585 -0.64027
27586 0.41534
27603 -0.07953
27605 0.29572
27607 -0.14946
27609 0.56670
27612 1.07806
27615 -0.36530
27626 0.46011
27631 -0.07093
27635 -0.05687
27643 -0.76239
27645 1.36335
27647 -0.95699
27653 0.01666
27693 0.46244
27699 -0.58645
27701 0.57026
27721 -0.31021
27737 0.13606
27749 -0.31021
27750 0.46407
27758 0.32922
27762 0.46407
27779 0.73847
27790 0.17745
27798 0.46407
27812 -0.07200
27825 0.41534
27837 -0.06556
27869 0.42387
27876 0.02427
27885 -0.18339
27912 -0.22581
27917 0.47912
27935 -0.08381
27939 0.29572
27946 -0.31012
27975 -0.30304
27989 0.33471
27993 -0.05853
28002 0.47912
28003 0.46011
28005 0.01052
28010 0.03284
28053 0.44429
28061 0.56670
28084 0.62241
28085 0.40048
28086 0.46244
28089 -0.06664
28094 0.04265
28102 -0.31021
28105 0.23833
28109 0.60897
28117 0.02367
28119 0.50375
28125 -0.60963
28130 -0.21012
28161 0.47912
28169 -0.07391
28171 -0.47950
28191 -0.30730
28205 0.81510
28223 1.27256
28225 -0.07015
28227 0.56040
28228 0.55991
28234 -0.22581
28237 -0.27925
28249 0.04209
28265 -0.16264
28310 -0.03538
28327 0.37148
28341 0.49762
28343 0.46011
28346 0.08132
28348 -0.17123
28363 -0.11856
28373 0.64226
28388 -0.10603
28391 -0.32155
28396 0.48927
28397 0.04900
28422 0.48927
28427 -0.31021
28430 0.01302
28432 -0.07745
28436 0.42331
28439 -0.07147
28449 -0.62177
28454 -0.24053
28461 0.33471
28465 0.46244
28473 0.05201
28482 0.34531
28489 -0.08525
28501 0.56390
28503 0.29572
28506 0.19788
28523 0.47995
28534 -0.29917
28537 0.41534
28544 0.13606
28567 0.88587
28586 -0.71998
28587 -0.16264
28596 0.13606
28597 0.00838
28613 -0.05926
28618 0.73847
28638 0.27452
28641 -0.05605
28643 -0.10814
28647 0.49762
28653 0.76085
28656 0.01932
28669 0.23833
28677 -0.36974
28707 -1.04898
28714 0.56040
28717 -0.10876
28721 -0.92833
28746 0.56040
28764 0.46407
28779 0.41756
28788 0.12941
28799 -0.30795
28803 0.42809
28815 0.42170
28837 0.02068
28848 -0.20648
28864 -0.08099
28881 -0.11190
28892 0.42331
28893 1.01502
28895 -0.34410
28898 0.81554
28900 0.68849
28901 0.89168
28904 1.13703
28905 -0.34173
28908 0.89594
28909 0.82770
28913 1.40927
28925 -0.08542
28929 0.46011
28952 0.01724
28961 0.25573
28969 0.42170
28994 0.37921
29005 0.23833
29017 0.06189
29063 -0.58645
29084 -0.47148
29100 0.46407
29104 -0.06454
29113 0.11635
29117 1.36335
29133 -0.29013
29146 -0.32155
29165 0.01112
29175 0.49762
29215 0.33471
29238 -0.14946
29241 0.08443
29245 -0.06717
29249 0.25471
29276 -0.48473
29285 -0.08599
29287 -0.00679
29289 0.65842
29297 -0.03894
29301 -0.01281
29309 0.23663
29320 0.33471
29331 0.40377
29337 -0.13105
29353 0.56040
29357 0.00521
29369 0.13606
29382 -0.09886
29397 0.64226
29412 -0.38125
29420 -0.55672
29423 0.17745
29426 0.66936
29432 -0.14507
29433 1.74562
29435 -0.09845
29436 -0.07200
29437 -0.05365
29438 -0.24053
29481 0.64226
29491 0.50375
29497 -0.42079
29504 -0.31021
29510 0.46564
29512 1.13040
29517 0.40377
29539 0.75430
29557 -1.02368
29558 -0.29013
29559 0.55036
29561 0.32922
29587 -0.71049
29614 0.37921
29615 0.28618
29616 0.14411
29619 0.40048
29623 0.65842
29625 0.40048
29639 -0.70599
29645 0.23482
29647 -0.05853
29652 -0.30075
29655 0.74405
29669 -0.07979
29681 -0.43897
29727 0.02062
29734 -0.44656
29739 0.62241
29747 0.46011
29757 -0.08037
29786 0.28618
29801 -0.52725
29805 -0.17123
29807 0.17745
29813 0.23833
29815 0.47912
29816 0.58035
29825 -0.45676
29833 -0.18332
29839 0.48927
29843 0.40377
29865 -0.05837
29867 0.23286
29868 -0.50188
29881 0.23482
29885 -0.60963
29887 0.33471
29891 -0.64027
29893 0.14862
29909 0.14862
29910 -0.76358
29923 -0.04921
29931 1.55115
29934 -0.31021
29939 0.87591
29956 0.73847
29969 -1.34724
29981 -0.24053
29991 -0.34410
30001 -0.10814
30037 0.40377
30058 -0.43897
30071 0.47912
30079 0.18505
30091 -0.16158
30114 -0.10319
30122 0.14862
30130 -0.13790
30131 -1.02368
30136 0.37921
30137 -0.30795
30141 -0.14231
30164 0.06015
30165 0.00865
30167 0.23833
30172 0.56040
30190 -1.87764
30191 -1.00092
30197 -0.31537
30198 0.14862
30203 0.18744
30207 0.06015
30226 0.98192
30229 0.14805
30232 -0.09156
30233 0.05426
30235 0.40377
30242 -0.10319
30246 0.03901
30251 -0.16156
30260 -0.22581
30272 0.12941
30285 -0.31674
30294 0.47912
30306 0.05678
30314 -0.36530
30327 -0.24788
30336 0.15098
30355 0.23482
30367 0.50375
30382 0.14411
30391 0.02237
30396 -0.49990
30401 -0.08558
30407 -0.31021
30408 -0.22581
30409 0.34561
30415 0.25471
30421 0.01083
30422 -0.50188
30434 0.14411
30438 0.19961
30457 -0.62177
30459 0.60897
30469 0.58695
30481 0.48927
30483 0.73415
30544 0.23833
30557 -0.62177
30562 -0.43897
30568 -0.31764
30575 0.39785
30584 0.13606
30587 0.46564
30592 -0.31021
30601 0.00358
30602 0.23663
30605 0.46244
30607 -0.64027
30609 0.14862
30625 -0.48473
30635 -0.76239
30636 0.41534
30643 -1.90689
30647 0.23833
30658 -0.75242
30663 -0.58645
30669 -0.09915
30674 -0.55751
30680 0.73294
30685 0.34561
30686 -1.43896
30697 0.49762
30698 -0.04921
30700 0.33471
30702 0.62622
30713 0.13606
30721 -0.02603
30723 -3.35070
30725 0.46564
30731 0.24069
30750 -0.03943
30782 -0.76239
30785 -0.45675
30792 -0.67537
30808 0.46011
30815 -0.24053
30825 -0.49990
30831 0.29572
30834 0.03972
30842 -0.31021
30850 1.13040
30853 0.42170
30885 -0.62518
30891 0.17217
30894 -0.36530
30903 0.06541
30904 0.03901
30906 0.17217
30911 -0.34410
30915 0.80532
30930 0.25471
30936 -0.71367
30947 -0.11856
30949 -0.10581
30957 0.40048
30960 0.37921
30961 0.65842
30965 -0.76239
30978 1.38390
30985 -0.29013
31009 0.04584
31015 -0.13121
31020 0.46011
31038 0.46407
31039 -0.13232
31045 0.58035
31046 2.27405
31050 -0.30795
31061 -0.05092
31067 -0.30795
31108 -0.71367
31109 -0.32155
31123 0.88156
31125 0.73415
31128 -0.76239
31132 0.17217
31135 -0.13121
31136 2.27405
31137 -0.48473
31138 -0.71367
31139 -1.93586
31145 0.17745
31161 -0.09808
31165 0.23482
31177 0.48927
31184 0.29025
31190 0.23663
31199 0.47912
31203 0.45368
31205 0.23833
31217 0.83921
31222 0.14862
31225 -0.42881
31228 -1.70859
31231 0.60897
31236 -0.29013
31250 0.42170
31264 1.00768
31269 0.94241
31274 -0.07827
31281 0.56670
31303 -0.35404
31307 0.03900
31313 -0.76239
31329 -0.34410
31335 0.42170
31345 -0.64027
31354 0.95544
31357 -0.80629
31371 -0.36974
31382 0.43005
31390 0.05171
31397 -0.07093
31398 -0.49990
31399 0.24395
31400 -0.29013
31417 0.68779
31421 0.09701
31429 0.28618
31444 0.37148
31446 -0.26649
31449 0.13606
31453 -0.60024
31459 0.03069
31471 -0.76239
31473 -0.31021
31477 0.48161
31489 0.06050
31499 0.01974
31501 0.40048
31515 0.01864
31529 -1.00092
31533 -0.22581
31545 -0.76239
31553 -0.40835
31565 0.28618
31588 0.95552
31598 -0.22581
31601 -0.18332
31641 1.44759
31645 -0.11774
31646 -0.60963
31648 -0.47950
31649 0.01857
31654 0.02118
31665 -0.24788
31673 0.32922
31677 -0.01961
31681 -0.78048
31701 1.29916
31705 -0.13649
31712 0.52829
31741 -0.64027
31745 -0.10443
31766 -0.34461
31769 -0.61816
31773 0.23833
31779 -0.00526
31788 0.46011
31797 0.60897
31801 1.29916
31804 0.02684
31814 -0.07200
31817 0.25471
31819 0.51208
31824 0.47721
31874 0.64226
31876 -0.12245
31893 -0.95699
31907 -0.14398
31911 -0.31215
31912 0.23663
31952 0.47912
31978 0.19887
31985 -1.04898
32012 -0.55751
32021 0.41534
32046 0.56040
32049 0.46407
32053 1.09374
32064 -0.31369
32065 0.28618
32069 -0.09696
32082 0.15366
32088 0.58035
32128 0.34561
32139 0.60897
32153 -0.40734
32165 0.46564
32169 0.29572
32180 -0.58645
32181 0.02489
32189 0.09459
32204 0.13606
32231 0.19100
32253 0.80532
32254 0.76833
32255 0.47995
32277 0.47995
32290 1.38390
32295 -1.04410
32305 -0.36974
32341 -0.31021
32359 -0.00059
32361 0.56040
32362 0.17745
32373 0.32922
32377 -0.13232
32389 0.33471
32421 -0.09383
32423 0.60897
32430 0.29572
32445 0.56040
32469 0.46011
32473 -0.04758
32477 -1.93618
32490 0.23833
32493 -0.22581
32494 0.04567
32497 -0.18775
32518 -1.99413
32520 0.23482
32523 0.06015
32524 0.01279
32527 -0.33217
32528 0.18969
32531 -0.31925
32532 0.09538
32537 0.47912
32541 0.70262
32543 0.03069
32571 -0.04776
32576 -0.04908
32578 0.23833
32581 0.04011
32582 -0.11856
32590 0.58035
32597 0.04625
32610 0.04824
32627 0.40377
32628 -0.33594
32629 -0.24053
32635 -0.36974
32643 0.28558
32646 -0.07431
32649 0.08469
32661 0.29572
32665 0.01845
32671 0.50375
32673 0.42170
32687 -2.23003
32701 -3.35070
32705 0.48927
32710 0.13606
32718 0.42170
32720 0.47427
32751 0.04011
32760 0.76833
32766 1.42380
